Average: 0.06945553473972164
Max: 0.508971
Min: 0.0
