Average: 0.3810826186707477
Max: 0.38393367860734
Min: 0.37432939452113
