Average: 0.0003165646914824606
Max: 0.050154
Min: 0.0
