Average: 0.09447100249632362
Max: 0.512377
Min: 0.0
