Average: 0.38376516826289947
Max: 0.3872352100357
Min: 0.37732238742985
