Average: 0.0005114399412628584
Max: 0.060857
Min: 0.0
